0.000000000000000000e+00 0.000000000000000000e+00 0.000000000000000000e+00
1.111111111000038024e-02 1.924500897456688994e-02 0.000000000000000000e+00
2.222222222000077088e-02 3.849001794913377295e-02 0.000000000000000000e+00
3.333333333000115806e-02 5.773502692370065248e-02 0.000000000000000000e+00
4.444444444000154176e-02 7.698003589826754589e-02 0.000000000000000000e+00
5.555555555000193241e-02 9.622504487283442542e-02 0.000000000000000000e+00
6.666666666000231611e-02 1.154700538474013050e-01 0.000000000000000000e+00
7.777777777000270676e-02 1.347150628219682122e-01 0.000000000000000000e+00
8.888888888000308353e-02 1.539600717965350918e-01 0.000000000000000000e+00
9.999999999000347417e-02 1.732050807711019991e-01 0.000000000000000000e+00
1.111111111000039064e-01 1.924500897456689064e-01 0.000000000000000000e+00
1.222222222100041999e-01 2.116950987202357026e-01 0.000000000000000000e+00
1.333333333200046045e-01 2.309401076948026099e-01 0.000000000000000000e+00
1.444444444300050090e-01 2.501851166693694895e-01 0.000000000000000000e+00
1.555555555400054135e-01 2.694301256439364245e-01 0.000000000000000000e+00
1.666666666500057903e-01 2.886751346185033040e-01 0.000000000000000000e+00
1.777777777600061948e-01 3.079201435930701836e-01 0.000000000000000000e+00
1.888888888700065993e-01 3.271651525676371186e-01 0.000000000000000000e+00
1.999999999800068928e-01 3.464101615422038871e-01 0.000000000000000000e+00
2.111111110900072974e-01 3.656551705167708222e-01 0.000000000000000000e+00
2.222222222000077019e-01 3.849001794913377017e-01 0.000000000000000000e+00
2.333333333100081064e-01 4.041451884659045257e-01 0.000000000000000000e+00
2.444444444200085109e-01 4.233901974404715163e-01 0.000000000000000000e+00
2.555555555300089154e-01 4.426352064150383958e-01 0.000000000000000000e+00
2.666666666400093200e-01 4.618802153896052198e-01 0.000000000000000000e+00
2.777777777500097245e-01 4.811252243641722104e-01 0.000000000000000000e+00
2.888888888600100180e-01 5.003702333387388679e-01 0.000000000000000000e+00
2.999999999700104225e-01 5.196152423133061360e-01 0.000000000000000000e+00
3.111111110800108270e-01 5.388602512878728490e-01 0.000000000000000000e+00
3.222222221900111760e-01 5.581052602624395620e-01 0.000000000000000000e+00
3.333333333000115806e-01 5.773502692370066081e-01 0.000000000000000000e+00
3.388888888566783941e-01 5.677277647487608547e-01 0.000000000000000000e+00
3.444444444133453187e-01 5.581052602605152124e-01 0.000000000000000000e+00
3.499999999700121878e-01 5.484827557722693481e-01 0.000000000000000000e+00
3.555555555266790013e-01 5.388602512840238168e-01 0.000000000000000000e+00
3.611111110833459259e-01 5.292377467957780635e-01 0.000000000000000000e+00
3.666666666400126839e-01 5.196152423075324212e-01 0.000000000000000000e+00
3.722222221966796085e-01 5.099927378192865568e-01 0.000000000000000000e+00
3.777777777533464776e-01 5.003702333310411365e-01 0.000000000000000000e+00
3.833333333100132911e-01 4.907477288427953832e-01 0.000000000000000000e+00
3.888888888666802157e-01 4.811252243545495744e-01 0.000000000000000000e+00
3.944444444233470848e-01 4.715027198663038766e-01 0.000000000000000000e+00
3.999999999800138983e-01 4.618802153780582898e-01 0.000000000000000000e+00
4.055555555366808784e-01 4.522577108898125919e-01 0.000000000000000000e+00
4.111111110933476920e-01 4.426352064015670051e-01 0.000000000000000000e+00
4.166666666500145055e-01 4.330127019133211963e-01 0.000000000000000000e+00
4.222222222066813191e-01 4.233901974250753875e-01 0.000000000000000000e+00
4.277777777633481882e-01 4.137676929368298007e-01 0.000000000000000000e+00
4.333333333200152238e-01 4.041451884485841028e-01 0.000000000000000000e+00
4.388888888766819818e-01 3.945226839603384050e-01 0.000000000000000000e+00
4.444444444333487954e-01 3.849001794720928182e-01 0.000000000000000000e+00
4.499999999900156089e-01 3.752776749838471204e-01 0.000000000000000000e+00
4.555555555466824780e-01 3.656551704956013116e-01 0.000000000000000000e+00
4.611111111033495136e-01 3.560326660073557248e-01 0.000000000000000000e+00
4.666666666600163271e-01 3.464101615191100270e-01 0.000000000000000000e+00
4.722222222166830852e-01 3.367876570308642736e-01 0.000000000000000000e+00
4.777777777733498987e-01 3.271651525426185203e-01 0.000000000000000000e+00
4.833333333300168233e-01 3.175426480543728225e-01 0.000000000000000000e+00
4.888888888866838034e-01 3.079201435661271802e-01 0.000000000000000000e+00
4.944444444433506169e-01 2.982976390778814824e-01 0.000000000000000000e+00
5.000000000000174305e-01 2.886751345896357845e-01 0.000000000000000000e+00
4.833333333333502124e-01 2.790526301033146028e-01 0.000000000000000000e+00
4.666666666666828833e-01 2.694301256169934211e-01 0.000000000000000000e+00
4.500000000000157208e-01 2.598076211306721839e-01 0.000000000000000000e+00
4.333333333333485027e-01 2.501851166443510022e-01 0.000000000000000000e+00
4.166666666666812846e-01 2.405626121580297927e-01 0.000000000000000000e+00
4.000000000000139000e-01 2.309401076717086110e-01 0.000000000000000000e+00
3.833333333333466819e-01 2.213176031853874015e-01 0.000000000000000000e+00
3.666666666666795193e-01 2.116950986990663031e-01 0.000000000000000000e+00
3.500000000000121902e-01 2.020725942127450103e-01 0.000000000000000000e+00
3.333333333333450277e-01 1.924500897264239119e-01 0.000000000000000000e+00
3.166666666666776986e-01 1.828275852401027024e-01 0.000000000000000000e+00
3.000000000000104250e-01 1.732050807537814929e-01 0.000000000000000000e+00
2.833333333333432069e-01 1.635825762674603112e-01 0.000000000000000000e+00
2.666666666666758778e-01 1.539600717811391017e-01 0.000000000000000000e+00
2.500000000000087153e-01 1.443375672948178923e-01 0.000000000000000000e+00
2.333333333333414972e-01 1.347150628084967106e-01 0.000000000000000000e+00
2.166666666666741958e-01 1.250925583221755011e-01 0.000000000000000000e+00
2.000000000000070055e-01 1.154700538358543055e-01 0.000000000000000000e+00
1.833333333333397874e-01 1.058475493495330960e-01 0.000000000000000000e+00
1.666666666666725138e-01 9.622504486321194206e-02 0.000000000000000000e+00
1.500000000000052125e-01 8.660254037689074647e-02 0.000000000000000000e+00
1.333333333333379944e-01 7.698003589056955087e-02 0.000000000000000000e+00
1.166666666666708041e-01 6.735753140424836916e-02 0.000000000000000000e+00
1.000000000000035028e-01 5.773502691792713887e-02 0.000000000000000000e+00
8.333333333333621529e-02 4.811252243160595021e-02 0.000000000000000000e+00
6.666666666666896945e-02 3.849001794528476156e-02 0.000000000000000000e+00
5.000000000000173056e-02 2.886751345896356943e-02 0.000000000000000000e+00
3.333333333333449167e-02 1.924500897264238078e-02 0.000000000000000000e+00
1.666666666666723889e-02 9.622504486321190389e-03 0.000000000000000000e+00
0.000000000000000000e+00 0.000000000000000000e+00 0.000000000000000000e+00
